8 10 11 3 4 4 7 3 5 127 127 46 127 127 52 127 127 30 127 127 58 127 127 62 127 127 39 127 127 37 127 127 59 127 127 37 127 127 43 1 1 4 12 12 3 8 0 9 7
12 7 6 3 5 9 10 12 4 127 127 7 127 127 27 127 127 7 127 127 26 127 127 19 127 127 32 127 127 29 127 127 46 127 127 14 127 127 30 3 12 7 12 2 7 9 6 12 4
3 12 11 9 5 12 6 8 3 127 127 54 127 127 34 127 127 28 127 127 14 127 127 19 127 127 17 127 127 9 127 127 28 127 127 39 127 127 31 9 1 0 11 5 2 2 6 8 11
3 8 3 4 4 7 6 10 4 127 127 45 68 79 11 41 70 91 67 14 127 127 62 127 127 8 127 127 1 127 127 1 127 127 33 127 127 32 127 127 30 127 127 52 127 127 27 127 127 9 127 127 58
7 3 2 3 11 2 9 0 8 127 127 52 86 14 67 76 45 18 71 101 127 127 32 127 127 10 127 127 16 127 127 51 127 127 17 127 127 23 127 127 0 127 127 0 127 127 58 127 127 50 127 127 14
0 5 8 12 8 5 4 4 11 127 127 3 29 8 101 20 23 88 18 78 127 127 34 127 127 45 127 127 36 127 127 5 127 127 39 127 127 5 127 127 17 127 127 42 127 127 63 127 127 46 127 127 7
9 2 11 7 11 12 8 5 1 127 127 4 25 127 127 26 127 127 9 127 127 59 127 127 41 127 127 23 127 127 52 77 127 127 62 7 11 0 6 2 12 7 5 127 127 47
10 9 0 4 4 2 8 2 7 127 127 61 86 127 127 35 127 127 10 127 127 0 127 127 8 127 127 15 127 127 8 100 127 127 20 8 12 4 9 11 10 12 4 127 127 41
3 12 10 9 9 0 0 1 6 127 127 11 45 127 127 4 127 127 32 127 127 20 127 127 59 127 127 21 127 127 31 100 127 127 29 1 5 3 2 5 8 9 3 127 127 62
8 2 0 12 10 0 9 9 0 127 127 27 28 127 127 7 127 127 59 127 127 51 127 127 21 127 127 53 127 127 40 100 127 127 4 0 4 127 127 39 127 127 50 127 127 6 127 127 14 127 127 49 127 127 41 127 127 40 127 127 0
7 5 1 10 9 5 3 3 6 127 127 32 36 127 127 25 127 127 29 127 127 52 127 127 14 127 127 46 127 127 48 82 127 127 9 11 4 127 127 50 127 127 17 127 127 56 127 127 21 127 127 18 127 127 48 127 127 2 127 127 1
10 12 10 10 5 2 1 12 11 127 127 52 48 127 127 15 127 127 18 127 127 54 127 127 12 127 127 23 127 127 44 23 127 127 1 4 8 127 127 10 127 127 19 127 127 10 127 127 9 127 127 35 127 127 13 127 127 54 127 127 33
127 127 6 127 127 51 127 127 31 127 127 32 127 127 9 127 127 16 127 127 47 127 127 54 127 127 19 127 127 12 60 74 8 1 12 9 37 86 127 127 1 6 4 4 9 1 10 5 9 2 127 127 0
127 127 51 127 127 22 127 127 13 127 127 28 127 127 18 127 127 59 127 127 20 127 127 16 127 127 35 127 127 45 21 16 7 11 7 9 53 97 127 127 47 9 9 11 1 2 2 11 4 5 127 127 27
127 127 43 127 127 17 127 127 22 127 127 41 127 127 19 127 127 61 127 127 42 127 127 26 127 127 5 127 127 21 11 58 6 11 11 5 23 68 127 127 46 6 9 9 9 7 5 7 12 4 127 127 6
127 127 56 127 127 63 127 127 41 7 1 84 96 37 5 1 1 4 6 8 3 11 4 5 127 127 62 0 12 11 127 127 23
127 127 49 127 127 29 127 127 46 3 7 14 98 1 3 4 4 6 11 0 9 4 0 1 127 127 38 1 1 9 127 127 19
127 127 24 127 127 14 127 127 10 11 7 6 0 95 7 4 3 2 4 9 11 9 5 8 127 127 18 5 12 8 127 127 52
127 127 44 5 5 9 84 127 127 52 127 127 2 127 127 39 59 1 1 5 99 65 58 0 1 2 127 127 4 7 8 2 7 1 127 127 61
127 127 16 6 3 10 63 127 127 32 127 127 53 127 127 17 27 10 8 8 58 52 38 6 9 3 127 127 33 12 4 2 4 8 127 127 44
127 127 39 12 1 2 9 127 127 39 127 127 26 127 127 16 57 4 0 5 31 101 87 8 12 6 127 127 23 6 8 3 11 4 127 127 28
127 127 9 127 127 44 127 127 35 8 57 127 127 42 127 127 13 127 127 40 75 9 7 1 127 127 46 127 127 24 127 127 45 60 3 3 127 127 32 0 8 9 2 2 127 127 27
127 127 56 127 127 39 127 127 5 11 69 127 127 56 127 127 22 127 127 29 43 11 11 33 127 127 12 127 127 50 127 127 41 12 6 3 127 127 50 2 2 11 7 4 127 127 16
127 127 63 127 127 43 127 127 29 8 38 127 127 28 127 127 35 127 127 42 43 6 0 40 127 127 24 127 127 60 127 127 18 6 0 9 127 127 41 10 0 4 10 2 127 127 49
127 127 47 1 11 7 3 70 25 75 10 0 11 35 127 127 13 127 127 31 127 127 1 13 7 7 127 127 34 4 10 0 4 0 127 127 20
127 127 49 10 3 4 0 34 8 55 6 2 5 82 127 127 29 127 127 14 127 127 16 35 5 7 127 127 24 10 0 2 0 11 127 127 20
127 127 57 5 7 8 2 24 93 55 8 0 12 75 127 127 19 127 127 53 127 127 31 88 11 4 127 127 13 2 12 11 3 11 127 127 49
127 127 2 127 127 55 127 127 17 1 5 8 10 6 10 0 7 40 127 127 60 127 127 61 127 127 63 43 9 2 127 127 52 9 11 11 11 8 127 127 58
127 127 29 127 127 35 127 127 36 4 10 3 9 4 3 6 11 74 127 127 24 127 127 22 127 127 35 52 7 11 127 127 24 8 1 7 11 1 127 127 55
127 127 42 127 127 21 127 127 22 10 6 0 3 6 6 7 11 94 127 127 18 127 127 14 127 127 12 2 6 11 127 127 27 8 1 10 6 4 127 127 2
127 127 44 127 127 4 127 127 60 11 7 75 33 83 9 6 7 87 127 127 48 127 127 50 127 127 10 50 8 4 127 127 57 11 7 6 5 2 127 127 46
127 127 44 127 127 29 127 127 23 3 10 72 25 29 9 10 8 55 127 127 12 127 127 60 127 127 30 101 7 9 127 127 31 6 2 8 8 6 127 127 23
127 127 41 127 127 8 127 127 45 4 9 82 75 74 3 4 6 98 127 127 16 127 127 61 127 127 49 73 3 7 127 127 58 5 9 9 0 8 127 127 1
127 127 32 3 4 0 41 127 127 42 127 127 54 127 127 4 77 1 7 9 84 16 87 12 5 5 127 127 34 12 9 5 3 0 127 127 13
127 127 30 2 4 3 22 127 127 10 127 127 9 127 127 48 25 11 5 6 88 42 29 9 4 0 127 127 19 7 5 2 8 6 127 127 2
127 127 41 7 6 0 93 127 127 35 127 127 21 127 127 24 16 9 12 10 61 50 3 8 7 3 127 127 43 9 11 1 7 2 127 127 50
127 127 0 127 127 27 127 127 21 12 39 127 127 18 127 127 43 127 127 19 80 6 8 8 4 6 3 2 6 11 127 127 37 12 11 2 4 1 127 127 50
127 127 61 127 127 53 127 127 12 2 70 127 127 44 127 127 4 127 127 15 67 1 6 4 1 7 9 4 1 3 127 127 30 6 1 2 5 1 127 127 56
127 127 17 127 127 36 127 127 31 4 46 127 127 61 127 127 30 127 127 13 41 5 3 1 7 11 0 8 0 3 127 127 3 7 6 1 6 6 127 127 54
127 127 11 12 7 3 65 127 127 21 127 127 39 127 127 11 75 3 6 11 52 0 101 9 3 8 127 127 4 2 5 5 11 11 127 127 27
127 127 57 9 8 3 26 127 127 60 127 127 39 127 127 34 33 6 12 0 79 60 9 3 3 4 127 127 25 4 0 4 2 8 127 127 12
127 127 32 0 12 3 43 127 127 39 127 127 34 127 127 26 43 2 8 12 9 91 88 2 11 7 127 127 62 7 2 3 5 8 127 127 17
127 127 4 127 127 6 127 127 32 1 9 57 85 74 1 12 7 28 127 127 47 127 127 36 127 127 12 71 4 6 127 127 54 5 6 3 2 0 127 127 48
127 127 21 127 127 32 127 127 25 12 12 26 21 14 5 4 1 95 127 127 34 127 127 14 127 127 16 42 7 3 127 127 38 10 8 9 11 6 127 127 21
127 127 45 127 127 44 127 127 14 2 8 28 28 57 2 9 11 37 127 127 46 127 127 30 127 127 63 4 12 12 127 127 32 8 7 10 5 6 127 127 8
127 127 20 127 127 14 127 127 59 8 6 1 0 3 5 7 8 91 127 127 33 127 127 59 127 127 23 28 6 11 127 127 61 7 7 2 6 0 127 127 61
127 127 20 127 127 63 127 127 58 12 8 8 6 2 1 1 9 81 127 127 15 127 127 5 127 127 0 34 0 0 127 127 14 5 1 5 4 11 127 127 36
127 127 26 127 127 26 127 127 47 7 4 4 6 12 6 11 7 100 127 127 45 127 127 48 127 127 40 83 9 11 127 127 19 11 9 1 9 6 127 127 60
127 127 54 10 1 12 3 9 6 39 3 3 10 77 127 127 20 127 127 50 127 127 50 11 5 4 127 127 24 5 5 12 4 9 127 127 4
127 127 24 10 7 11 6 101 79 78 8 12 11 20 127 127 20 127 127 44 127 127 39 9 9 1 127 127 4 5 8 11 10 7 127 127 36
127 127 18 10 10 4 8 65 95 57 9 0 1 13 127 127 41 127 127 45 127 127 61 80 4 10 127 127 59 2 7 3 8 6 127 127 61
127 127 60 127 127 57 127 127 42 4 97 127 127 5 127 127 55 127 127 16 58 11 3 82 127 127 51 127 127 31 127 127 62 92 4 2 127 127 20 3 10 6 6 1 127 127 24
127 127 13 127 127 60 127 127 19 7 38 127 127 46 127 127 40 127 127 43 38 3 9 10 127 127 33 127 127 41 127 127 26 15 10 10 127 127 6 6 4 3 1 6 127 127 22
127 127 14 127 127 21 127 127 11 4 27 127 127 19 127 127 52 127 127 51 29 11 9 98 127 127 23 127 127 16 127 127 35 86 4 8 127 127 2 11 4 10 4 9 127 127 19
127 127 2 1 5 10 92 127 127 34 127 127 1 127 127 43 50 3 0 1 72 83 58 0 5 1 8 2 5 10 127 127 49
127 127 13 4 7 2 70 127 127 5 127 127 20 127 127 37 16 6 0 0 91 51 61 6 2 6 5 4 3 1 127 127 32
127 127 29 11 4 6 6 127 127 27 127 127 47 127 127 2 0 2 0 8 21 90 81 3 5 4 10 7 12 6 127 127 40
127 127 37 127 127 41 127 127 54 1 8 6 63 15 12 12 6 5 11 1 3 7 10 7 127 127 47 9 3 6 3 2 10 4 2 5 127 127 60
127 127 48 127 127 39 127 127 24 9 0 11 82 56 2 5 12 11 5 2 9 0 10 12 127 127 52 4 1 4 5 4 1 11 7 5 127 127 62
127 127 36 127 127 11 127 127 38 12 6 15 43 61 0 6 7 8 8 1 9 8 1 4 127 127 2 10 9 9 8 5 7 9 4 8 127 127 56
127 127 6 127 127 24 127 127 8 127 127 51 127 127 44 127 127 8 127 127 10 127 127 43 127 127 45 127 127 36 127 127 50 127 127 39 127 127 30 127 127 45 127 127 20 127 127 1 127 127 11 127 127 33 127 127 25 127 127 62 127 127 0 127 127 1 127 127 38 127 127 10 127 127 39 127 127 11 127 127 1 127 127 32
127 127 62 127 127 53 127 127 17 127 127 40 127 127 2 127 127 38 127 127 63 127 127 2 127 127 9 127 127 31 127 127 20 127 127 4 127 127 34 127 127 3 127 127 4 127 127 5 127 127 11 127 127 51 127 127 34 127 127 45 127 127 31 127 127 6 127 127 32 127 127 25 127 127 47 127 127 42 127 127 10 127 127 12
127 127 20 127 127 2 127 127 14 127 127 45 127 127 62 127 127 59 127 127 35 127 127 43 127 127 46 127 127 11 127 127 7 127 127 46 127 127 61 127 127 58 127 127 17 127 127 1 127 127 43 127 127 22 127 127 30 127 127 54 127 127 29 127 127 55 127 127 52 127 127 54 127 127 45 127 127 8 127 127 40 127 127 21
