0 0 0 0 0 0 0 0 0 0 0 0 0 0 0 0 0 0 0 0 0 0 0 0 0 0 0 0 0 0 0 0 0 0 0 0 0 0 0 0 0 0 0 0 0 0 0 0 0 0
0 0 0 0 0 0 0 0 0 0 0 0 0 0 0 0 0 0 0 0 0 0 0 0 0 0 0 0 0 0 0 0 0 0 0 0 0 0 0 0 0 0 0 0 0 0 0 0 0 0
0 0 0 0 0 0 0 0 0 0 0 0 0 0 0 0 0 0 0 0 0 0 0 0 0 0 0 0 0 0 0 0 0 0 0 0 0 0 0 0 0 0 0 0 0 0 0 0 0 0
0 0 0 0 0 0 0 0 0 0 0 0 0 0 0 0 0 0 127 0 0 0 0 0 0 0 0 0 0 0 0 0 0 0 0 0 0 0 0 0 0 0 0 0 0 0 0 0 0 0
0 0 0 0 0 0 0 0 0 0 0 0 0 0 0 0 0 100 27 127 127 127 127 127 127 127 127 127 127 0 0 0 0 0 0 0 0 0 0 0 0 0 0 0 0 0 0 0 0 0
0 0 0 0 0 0 0 0 0 0 0 100 0 0 0 0 0 127 127 127 0 0 0 0 0 100 0 0 0 127 0 0 0 0 0 0 0 0 0 0 0 0 0 0 0 0 0 0 0 0
0 0 0 0 0 0 0 0 0 0 50 0 127 127 127 127 127 127 27 127 0 0 127 127 127 127 127 127 127 0 127 127 127 127 127 127 127 100 127 0 0 0 0 0 0 0 0 0 0 0
0 0 0 0 127 127 127 0 127 127 127 127 127 0 0 0 0 100 127 127 0 0 0 0 0 0 0 0 0 127 0 0 50 0 0 0 0 0 0 127 0 0 0 0 0 0 0 0 0 0
0 0 0 127 0 0 127 127 127 0 0 0 0 0 0 0 0 0 0 127 0 127 50 127 0 0 0 50 0 127 0 0 27 50 0 0 50 100 0 127 0 0 0 0 0 0 0 0 0 0
0 100 0 0 0 27 127 0 127 77 0 0 0 127 127 127 0 0 0 127 0 0 0 0 0 0 0 0 0 127 0 0 0 0 0 0 0 0 0 50 0 0 0 0 0 0 0 0 0 0
0 0 127 0 0 127 50 0 127 127 0 0 27 127 127 127 77 0 0 127 0 127 0 127 0 50 0 50 0 127 0 0 0 0 0 0 0 0 0 127 0 0 0 0 0 0 0 0 0 0
0 50 0 0 0 0 27 27 127 0 0 0 0 127 0 127 27 0 0 127 0 0 0 77 0 0 0 50 0 100 0 77 0 0 0 50 0 50 0 100 0 0 0 0 0 0 0 0 0 0
0 0 127 127 0 0 0 0 0 0 0 0 127 127 0 100 127 0 0 127 0 0 0 50 0 0 0 0 0 127 0 50 0 0 0 100 0 0 0 0 0 0 0 0 0 0 0 0 0 0
0 0 0 127 0 0 127 127 127 0 0 0 127 127 127 127 50 0 0 127 0 0 0 50 0 50 0 0 0 127 0 0 0 0 0 127 0 0 0 127 0 0 0 0 0 0 0 0 0 0
0 50 0 0 0 127 127 0 127 127 0 0 0 127 127 127 0 0 0 127 0 0 0 100 0 0 0 50 0 100 0 0 0 0 0 0 0 50 0 0 0 0 0 0 0 0 0 0 0 0
0 0 50 127 0 127 127 0 127 127 0 0 0 0 0 0 0 0 0 127 0 50 0 50 0 0 0 0 0 127 0 0 0 0 0 0 0 0 0 0 0 0 0 0 0 0 0 0 0 0
0 100 0 0 0 127 127 127 127 100 0 0 0 127 127 27 0 0 0 127 0 127 0 100 0 0 0 0 0 127 0 0 0 50 0 50 0 0 0 0 0 0 0 0 0 0 0 0 0 0
0 0 100 127 0 0 127 50 127 0 0 0 127 127 127 127 127 0 0 127 0 127 0 27 50 50 0 0 0 0 0 50 0 0 0 0 0 0 0 127 0 0 0 0 0 0 0 0 0 0
0 0 50 127 0 0 0 0 0 0 0 0 127 127 0 0 127 0 0 127 0 127 0 50 0 0 0 0 0 127 0 0 0 50 0 50 0 0 0 127 0 0 0 0 0 0 0 0 0 0
0 100 0 0 0 0 127 127 127 0 0 0 27 127 0 0 77 0 0 127 0 0 0 0 0 0 0 0 0 127 0 0 0 0 0 0 0 50 0 127 0 0 0 0 0 0 0 0 0 0
0 0 127 127 0 100 127 100 127 127 0 0 127 127 127 127 127 0 0 127 0 0 0 100 0 127 0 50 0 127 0 0 0 0 0 0 0 0 0 127 0 0 0 0 0 0 0 0 0 0
0 127 0 0 0 27 127 127 127 127 0 0 0 127 127 77 0 0 0 0 0 0 0 0 0 0 0 50 50 127 0 0 0 0 127 0 0 0 50 100 0 0 0 0 0 0 0 0 0 0
0 0 0 127 0 0 127 77 0 0 0 0 0 0 0 0 0 50 0 127 0 0 0 0 0 0 0 0 0 127 0 0 0 0 0 0 0 0 0 127 0 0 0 0 0 0 0 0 0 0
0 0 0 0 127 127 127 127 127 127 127 127 127 127 127 127 127 127 127 0 127 127 127 127 127 127 127 127 127 0 127 127 127 127 127 127 127 127 127 0 0 0 0 0 0 0 0 0 0 0
0 0 0 0 0 0 0 0 0 0 0 0 0 0 0 0 0 0 0 0 0 0 0 0 0 0 0 0 0 0 0 0 0 0 0 0 0 0 0 0 0 0 0 0 0 0 0 0 0 0
0 0 0 0 0 0 0 0 0 0 0 0 0 0 0 0 0 0 0 0 0 0 0 0 0 0 0 0 0 0 0 0 0 0 0 0 0 0 0 0 0 0 0 0 0 0 0 0 0 0
0 0 0 0 0 0 0 0 0 0 0 0 0 0 0 0 0 0 0 0 0 0 0 0 0 0 0 0 0 0 0 0 0 0 0 0 0 0 0 0 0 0 0 0 0 0 0 0 0 0
0 0 0 0 0 0 0 0 0 0 0 0 0 0 0 0 0 0 0 0 0 0 0 0 0 0 0 0 0 0 0 0 0 0 0 0 0 0 0 0 0 0 0 0 0 0 0 0 0 0
0 0 0 0 0 0 0 0 0 0 0 0 0 0 0 0 0 0 0 0 0 0 0 0 0 0 0 0 0 0 0 0 0 0 0 0 0 0 0 0 0 0 0 0 0 0 0 0 0 0
0 0 0 0 0 0 0 0 0 0 0 0 0 0 0 0 0 0 0 0 0 0 0 0 0 0 0 0 0 0 0 0 0 0 0 0 0 0 0 0 0 0 0 0 0 0 0 0 0 0
0 0 0 0 0 0 0 0 0 0 0 0 0 0 0 0 0 0 0 0 0 0 0 0 0 0 0 0 0 0 0 0 0 0 0 0 0 0 0 0 0 0 0 0 0 0 0 0 0 0
0 0 0 0 0 0 0 0 0 0 0 0 0 0 0 0 0 0 0 0 0 0 0 0 0 0 0 0 0 0 0 0 0 0 0 0 0 0 0 0 0 0 0 0 0 0 0 0 0 0
0 0 0 0 0 0 0 0 0 0 0 0 0 0 0 0 0 0 0 0 0 0 0 0 0 0 0 0 0 0 0 0 0 0 0 0 0 0 0 0 0 0 0 0 0 0 0 0 0 0
0 0 0 0 0 0 0 0 0 0 0 0 0 0 0 0 0 0 0 0 0 0 0 0 0 0 0 0 0 0 0 0 0 0 0 0 0 0 0 0 0 0 0 0 0 0 0 0 0 0
0 0 0 0 0 0 0 0 0 0 0 0 0 0 0 0 0 0 0 0 0 0 0 0 0 0 0 0 0 0 0 0 0 0 0 0 0 50 0 0 0 0 0 0 0 0 0 0 0 0
0 0 0 0 0 0 0 0 0 0 0 0 0 0 0 0 0 0 0 0 0 0 0 0 0 0 0 0 0 0 0 0 0 0 0 0 0 0 0 0 0 0 0 0 0 0 0 0 0 0
0 0 0 0 0 0 0 0 0 0 0 0 0 0 0 0 0 0 0 0 0 0 0 0 0 0 0 0 0 0 0 0 0 0 50 0 0 0 0 0 100 0 0 0 0 0 0 0 0 0
0 0 0 0 0 0 0 0 0 0 0 0 0 0 0 0 0 0 0 0 0 0 0 0 0 0 0 0 0 0 0 0 0 0 0 0 0 0 0 0 0 0 0 0 0 0 0 0 0 0
0 0 0 0 0 0 0 0 0 0 0 0 0 0 0 0 0 0 0 0 0 0 0 0 0 0 0 0 0 0 0 0 0 0 50 0 0 0 0 0 0 0 0 0 0 0 0 0 0 0
0 0 0 0 0 0 0 0 0 0 0 0 0 0 0 0 0 0 0 0 0 0 0 0 0 0 0 0 0 0 0 0 0 50 0 50 0 0 0 0 0 0 0 0 0 0 0 0 0 0
0 0 0 0 0 0 0 0 0 0 0 0 0 0 0 0 0 0 0 0 0 0 0 0 0 0 0 0 0 0 0 0 0 0 0 0 0 0 0 0 0 0 0 0 0 0 0 0 0 0
0 0 0 0 0 0 0 0 0 0 0 0 0 0 0 0 0 0 0 0 0 0 0 0 0 0 0 0 0 0 0 0 0 0 0 127 0 0 0 0 0 0 0 0 0 0 0 0 0 0
0 0 0 0 0 0 0 0 0 0 0 0 0 0 0 0 0 0 0 0 0 0 0 0 0 0 0 0 0 0 0 0 0 0 0 0 0 0 0 0 0 0 0 0 0 0 0 0 0 0
0 0 0 0 0 0 0 0 0 0 0 0 0 0 0 0 0 0 0 0 0 0 0 0 0 0 0 0 0 0 50 0 0 0 0 0 0 0 0 0 0 0 0 0 0 0 0 0 0 0
0 0 0 0 0 0 0 0 0 0 0 0 0 0 0 0 0 0 0 0 0 0 0 0 0 0 0 0 0 0 0 0 0 0 50 0 0 0 0 0 0 0 0 0 0 0 0 0 0 0
0 0 0 0 0 0 0 0 0 0 0 0 0 0 0 0 0 0 0 0 0 0 0 0 0 0 0 0 0 0 0 0 0 0 0 0 0 0 0 0 0 0 0 0 0 0 0 0 0 0
0 0 0 0 0 0 0 0 0 0 0 0 0 0 0 0 0 0 0 0 0 0 0 0 0 0 0 0 0 0 0 0 0 0 0 50 0 0 0 0 0 0 0 0 0 0 0 0 0 0
0 0 0 0 0 0 0 0 0 0 0 0 0 0 0 0 0 0 0 0 0 0 0 0 0 0 0 0 0 0 0 0 0 0 0 0 0 0 0 0 0 0 0 0 0 0 0 0 0 0
0 0 0 0 0 0 0 0 0 0 0 0 0 0 0 0 0 0 0 0 0 0 0 0 0 0 0 0 0 0 0 0 0 0 0 0 0 0 0 0 0 0 0 0 0 0 0 0 0 0
0 0 0 0 0 0 0 0 0 0 0 0 0 0 0 0 0 0 0 0 0 0 0 0 0 0 0 0 0 0 0 0 0 0 0 0 0 0 0 0 0 0 0 0 0 0 0 0 0 0
